329 368
330 368
333 366
335 364
338 363
340 361
343 359
345 358
347 356
350 354
352 352
354 351
357 350
359 347
362 343
366 341
368 339
371 335
376 332
380 330
385 326
388 322
393 317
395 314
398 309
402 306
404 302
405 299
407 296
409 294
411 292
412 290
414 288
415 286
416 284
417 283
418 280
419 279
419 277
420 275
420 274
420 273
420 272
420 270
420 268
420 266
420 263
420 261
420 259
420 258
420 256
417 268
417 269
415 269
415 267
415 264
414 261
414 257
414 253
414 247
414 242
413 238
413 232
413 228
411 224
411 220
410 216
409 213
407 208
406 203
406 196
403 189
402 182
399 175
397 170
396 166
395 163
394 161
394 158
393 156
392 155
391 154
390 154
390 152
389 152
389 151
388 148
386 145
385 143
382 140
381 136
379 134
378 132
375 128
374 126
371 123
369 119
365 116
362 112
359 108
356 104
353 100
351 98
349 96
347 95
346 94
345 92
342 92
342 91
341 91
341 90
340 90
339 90
337 90
335 91
334 92
333 92
331 92
329 93
327 94
327 95
326 95
326 96
325 96
323 97
322 98
321 99
319 99
319 101
317 102
316 102
315 103
314 104
313 106
312 108
310 110
310 111
309 112
309 114
307 116
306 117
306 119
305 120
303 121
303 123
302 125
301 126
301 127
300 130
299 131
299 132
298 133
297 134
296 134
296 135
295 136
295 137
295 138
295 139
295 140
295 142
295 143
295 144
295 145
295 146
295 147
295 148
295 149
295 150
295 151
295 152
295 154
295 155
295 156
295 157
295 158
295 159
295 160
295 161
295 162
295 163
295 164
295 166
295 167
295 168
295 169
295 170
295 171
295 172
295 173
295 174
295 175
295 176
295 178
295 179
295 180
295 181
295 182
295 183
295 184
295 185
